-1.051311E-10
-5.702352E-11
-5.529692E-11
-5.621761E-11
-6.220238E-11
-7.843000E-11
-1.019085E-10
-1.098498E-10
-1.112307E-10
-1.110005E-10
-7.739437E-11
-6.116691E-11
-5.529709E-11
-5.426112E-11
-5.990058E-11
-6.404389E-11
-9.684443E-11
-1.073178E-10
-1.074327E-10
-8.142242E-11
-6.013115E-11
-5.529719E-11
-5.518201E-11
-5.495167E-11
-6.024591E-11
-6.784184E-11
-9.419732E-11
-1.104252E-10
-1.122665E-10
-8.165261E-11
-6.749688E-11
-5.610286E-11
-5.414611E-11
-5.621770E-11
-5.564229E-11
-6.220249E-11
-6.956820E-11
-1.065121E-10
-1.129571E-10
-9.235581E-11
-7.359653E-11
-5.759912E-11
-5.564234E-11
-6.105157E-11
-6.692117E-11
-1.000670E-10
-1.108855E-10
-1.099648E-10
-1.095043E-10
-7.670389E-11
-6.392917E-11
-5.633302E-11
